Linux 5.11.0-41-generic (Niramay-Inspiron-5515) 	12/19/2021 	_x86_64_	(16 CPU)

11:37:51 AM     CPU     %user     %nice   %system   %iowait    %steal     %idle
11:37:52 AM     all     47.66      0.00      3.45      0.00      0.00     48.89
11:37:52 AM       0     98.02      0.00      1.98      0.00      0.00      0.00
11:37:52 AM       1     96.97      0.00      3.03      0.00      0.00      0.00
11:37:52 AM       2     96.04      0.00      3.96      0.00      0.00      0.00
11:37:52 AM       3     96.00      0.00      4.00      0.00      0.00      0.00
11:37:52 AM       4     98.00      0.00      2.00      0.00      0.00      0.00
11:37:52 AM       5    100.00      0.00      0.00      0.00      0.00      0.00
11:37:52 AM       6     98.00      0.00      1.00      0.00      0.00      1.00
11:37:52 AM       7     81.00      0.00      1.00      0.00      0.00     18.00
11:37:52 AM       8      1.60      0.00     22.40      0.00      0.00     76.00
11:37:52 AM       9      0.97      0.00      3.88      0.00      0.00     95.15
11:37:52 AM      10      1.98      0.00      2.97      0.00      0.00     95.05
11:37:52 AM      11      1.02      0.00      0.00      0.00      0.00     98.98
11:37:52 AM      12      1.02      0.00      2.04      0.00      0.00     96.94
11:37:52 AM      13      1.00      0.00      0.00      0.00      0.00     99.00
11:37:52 AM      14      1.00      0.00      2.00      0.00      0.00     97.00
11:37:52 AM      15      0.00      0.00      0.00      0.00      0.00    100.00

11:37:52 AM     CPU     %user     %nice   %system   %iowait    %steal     %idle
11:37:53 AM     all     38.36      0.00      2.86      0.00      0.00     58.78
11:37:53 AM       0     97.00      0.00      3.00      0.00      0.00      0.00
11:37:53 AM       1     95.96      0.00      4.04      0.00      0.00      0.00
11:37:53 AM       2    100.00      0.00      0.00      0.00      0.00      0.00
11:37:53 AM       3    100.00      0.00      0.00      0.00      0.00      0.00
11:37:53 AM       4     97.00      0.00      3.00      0.00      0.00      0.00
11:37:53 AM       5     96.97      0.00      0.00      0.00      0.00      3.03
11:37:53 AM       6      7.63      0.00     18.64      0.00      0.00     73.73
11:37:53 AM       7      0.99      0.00      1.98      0.00      0.00     97.03
11:37:53 AM       8      2.02      0.00      1.01      0.00      0.00     96.97
11:37:53 AM       9      2.02      0.00      1.01      0.00      0.00     96.97
11:37:53 AM      10      3.00      0.00      2.00      0.00      0.00     95.00
11:37:53 AM      11      3.03      0.00      1.01      0.00      0.00     95.96
11:37:53 AM      12      3.00      0.00      2.00      0.00      0.00     95.00
11:37:53 AM      13      4.04      0.00      1.01      0.00      0.00     94.95
11:37:53 AM      14      5.05      0.00      2.02      0.00      0.00     92.93
11:37:53 AM      15      2.00      0.00      2.00      0.00      0.00     96.00

11:37:53 AM     CPU     %user     %nice   %system   %iowait    %steal     %idle
11:37:54 AM     all     30.16      0.00      1.44      0.19      0.00     68.21
11:37:54 AM       0    100.00      0.00      0.00      0.00      0.00      0.00
11:37:54 AM       1    100.00      0.00      0.00      0.00      0.00      0.00
11:37:54 AM       2     98.00      0.00      2.00      0.00      0.00      0.00
11:37:54 AM       3     97.00      0.00      3.00      0.00      0.00      0.00
11:37:54 AM       4     68.87      0.00      5.66      0.00      0.00     25.47
11:37:54 AM       5      0.00      0.00      4.85      0.00      0.00     95.15
11:37:54 AM       6      0.00      0.00      1.01      0.00      0.00     98.99
11:37:54 AM       7      1.00      0.00      0.00      2.00      0.00     97.00
11:37:54 AM       8      1.01      0.00      2.02      0.00      0.00     96.97
11:37:54 AM       9      0.00      0.00      0.00      0.00      0.00    100.00
11:37:54 AM      10      3.03      0.00      0.00      0.00      0.00     96.97
11:37:54 AM      11      4.08      0.00      1.02      0.00      0.00     94.90
11:37:54 AM      12      1.03      0.00      1.03      0.00      0.00     97.94
11:37:54 AM      13      0.00      0.00      0.00      0.00      0.00    100.00
11:37:54 AM      14      3.00      0.00      2.00      0.00      0.00     95.00
11:37:54 AM      15      1.01      0.00      0.00      1.01      0.00     97.98

11:37:54 AM     CPU     %user     %nice   %system   %iowait    %steal     %idle
11:37:55 AM     all     20.11      0.00      2.95      0.06      0.00     76.88
11:37:55 AM       0     98.00      0.00      2.00      0.00      0.00      0.00
11:37:55 AM       1     98.02      0.00      1.98      0.00      0.00      0.00
11:37:55 AM       2     61.47      0.00      9.17      0.00      0.00     29.36
11:37:55 AM       3     54.00      0.00      1.00      0.00      0.00     45.00
11:37:55 AM       4      0.00      0.00     18.85      0.00      0.00     81.15
11:37:55 AM       5      0.00      0.00      0.00      0.00      0.00    100.00
11:37:55 AM       6      0.00      0.00      1.00      0.00      0.00     99.00
11:37:55 AM       7      0.00      0.00      1.01      0.00      0.00     98.99
11:37:55 AM       8      2.00      0.00      1.00      0.00      0.00     97.00
11:37:55 AM       9      2.02      0.00      1.01      0.00      0.00     96.97
11:37:55 AM      10      0.00      0.00      2.00      0.00      0.00     98.00
11:37:55 AM      11      2.02      0.00      1.01      0.00      0.00     96.97
11:37:55 AM      12      1.01      0.00      1.01      0.00      0.00     97.98
11:37:55 AM      13      0.99      0.00      0.99      0.00      0.00     98.02
11:37:55 AM      14      1.01      0.00      1.01      0.00      0.00     97.98
11:37:55 AM      15      0.00      0.00      0.00      1.02      0.00     98.98

11:37:55 AM     CPU     %user     %nice   %system   %iowait    %steal     %idle
11:37:56 AM     all     14.25      0.00      3.26      0.00      0.00     82.49
11:37:56 AM       0     94.00      0.00      6.00      0.00      0.00      0.00
11:37:56 AM       1     98.00      0.00      2.00      0.00      0.00      0.00
11:37:56 AM       2      0.00      0.00     26.12      0.00      0.00     73.88
11:37:56 AM       3      0.00      0.00      1.00      0.00      0.00     99.00
11:37:56 AM       4      0.00      0.00      0.00      0.00      0.00    100.00
11:37:56 AM       5      0.00      0.00      0.00      0.00      0.00    100.00
11:37:56 AM       6      0.99      0.00      1.98      0.00      0.00     97.03
11:37:56 AM       7      0.99      0.00      0.99      0.00      0.00     98.02
11:37:56 AM       8      3.03      0.00      0.00      0.00      0.00     96.97
11:37:56 AM       9      2.00      0.00      2.00      0.00      0.00     96.00
11:37:56 AM      10      8.16      0.00      0.00      0.00      0.00     91.84
11:37:56 AM      11     16.16      0.00      1.01      0.00      0.00     82.83
11:37:56 AM      12      1.01      0.00      2.02      0.00      0.00     96.97
11:37:56 AM      13      0.00      0.00      0.00      0.00      0.00    100.00
11:37:56 AM      14      5.05      0.00      1.01      0.00      0.00     93.94
11:37:56 AM      15      3.03      0.00      0.00      0.00      0.00     96.97

11:37:56 AM     CPU     %user     %nice   %system   %iowait    %steal     %idle
11:37:57 AM     all     13.62      0.00      1.62      0.12      0.00     84.64
11:37:57 AM       0    100.00      0.00      0.00      0.00      0.00      0.00
11:37:57 AM       1    100.00      0.00      0.00      0.00      0.00      0.00
11:37:57 AM       2      0.90      0.00     12.61      0.00      0.00     86.49
11:37:57 AM       3      1.00      0.00      1.00      0.00      0.00     98.00
11:37:57 AM       4      0.00      0.00      1.00      0.00      0.00     99.00
11:37:57 AM       5      0.00      0.00      0.00      0.00      0.00    100.00
11:37:57 AM       6      1.00      0.00      0.00      0.00      0.00     99.00
11:37:57 AM       7      0.00      0.00      0.00      0.00      0.00    100.00
11:37:57 AM       8      3.00      0.00      1.00      0.00      0.00     96.00
11:37:57 AM       9      1.02      0.00      0.00      0.00      0.00     98.98
11:37:57 AM      10      3.96      0.00      1.98      0.00      0.00     94.06
11:37:57 AM      11      0.00      0.00      1.02      0.00      0.00     98.98
11:37:57 AM      12      3.96      0.00      1.98      0.00      0.00     94.06
11:37:57 AM      13      0.00      0.00      1.00      2.00      0.00     97.00
11:37:57 AM      14      1.02      0.00      1.02      0.00      0.00     97.96
11:37:57 AM      15      2.97      0.00      1.98      0.00      0.00     95.05

11:37:57 AM     CPU     %user     %nice   %system   %iowait    %steal     %idle
11:37:58 AM     all     12.69      0.00      1.43      0.00      0.00     85.87
11:37:58 AM       0     96.00      0.00      0.00      0.00      0.00      4.00
11:37:58 AM       1    100.00      0.00      0.00      0.00      0.00      0.00
11:37:58 AM       2      0.85      0.00     16.24      0.00      0.00     82.91
11:37:58 AM       3      1.00      0.00      0.00      0.00      0.00     99.00
11:37:58 AM       4      0.00      0.00      0.00      0.00      0.00    100.00
11:37:58 AM       5      0.00      0.00      0.00      0.00      0.00    100.00
11:37:58 AM       6      0.00      0.00      0.00      0.00      0.00    100.00
11:37:58 AM       7      0.00      0.00      0.00      0.00      0.00    100.00
11:37:58 AM       8      1.02      0.00      1.02      0.00      0.00     97.96
11:37:58 AM       9      1.00      0.00      0.00      0.00      0.00     99.00
11:37:58 AM      10      0.00      0.00      0.00      0.00      0.00    100.00
11:37:58 AM      11      0.00      0.00      0.00      0.00      0.00    100.00
11:37:58 AM      12      1.02      0.00      1.02      0.00      0.00     97.96
11:37:58 AM      13      1.00      0.00      0.00      0.00      0.00     99.00
11:37:58 AM      14      1.00      0.00      2.00      0.00      0.00     97.00
11:37:58 AM      15      1.01      0.00      0.00      0.00      0.00     98.99

11:37:58 AM     CPU     %user     %nice   %system   %iowait    %steal     %idle
11:37:59 AM     all      4.83      2.66     10.90      0.06      0.00     81.54
11:37:59 AM       0      0.00      0.00     20.16      0.00      0.00     79.84
11:37:59 AM       1     18.00      0.00      0.00      0.00      0.00     82.00
11:37:59 AM       2      0.00      0.00      0.00      0.00      0.00    100.00
11:37:59 AM       3     15.15      0.00     51.52      0.00      0.00     33.33
11:37:59 AM       4      4.00      0.00     13.00      0.00      0.00     83.00
11:37:59 AM       5      0.00      0.00      0.00      0.00      0.00    100.00
11:37:59 AM       6      0.00      0.00      1.00      0.00      0.00     99.00
11:37:59 AM       7      0.00      0.00      0.00      0.00      0.00    100.00
11:37:59 AM       8      3.00      0.00      1.00      1.00      0.00     95.00
11:37:59 AM       9      0.00     15.15     10.10      0.00      0.00     74.75
11:37:59 AM      10     18.56      0.00     26.80      0.00      0.00     54.64
11:37:59 AM      11     14.14      0.00     21.21      0.00      0.00     64.65
11:37:59 AM      12      2.02      3.03      6.06      0.00      0.00     88.89
11:37:59 AM      13      2.02      8.08      7.07      0.00      0.00     82.83
11:37:59 AM      14      1.00     17.00     15.00      0.00      0.00     67.00
11:37:59 AM      15      1.01      0.00      0.00      0.00      0.00     98.99

11:37:59 AM     CPU     %user     %nice   %system   %iowait    %steal     %idle
11:38:00 AM     all      4.53      3.06     14.25      0.06      0.00     78.10
11:38:00 AM       0      0.00      0.00     34.23      0.00      0.00     65.77
11:38:00 AM       1      0.00      0.00      2.94      0.00      0.00     97.06
11:38:00 AM       2      0.99      0.00      0.99      0.00      0.00     98.02
11:38:00 AM       3      0.00      0.00      0.00      0.00      0.00    100.00
11:38:00 AM       4     21.00      0.00     79.00      0.00      0.00      0.00
11:38:00 AM       5      0.00      0.00      0.00      0.00      0.00    100.00
11:38:00 AM       6      1.00      0.00      1.00      0.00      0.00     98.00
11:38:00 AM       7      0.00      0.00      0.00      0.00      0.00    100.00
11:38:00 AM       8      0.00     41.49     37.23      0.00      0.00     21.28
11:38:00 AM       9      0.00      0.00      0.00      0.00      0.00    100.00
11:38:00 AM      10      8.08      0.00      4.04      0.00      0.00     87.88
11:38:00 AM      11      1.01      0.00      0.00      0.00      0.00     98.99
11:38:00 AM      12      7.07      0.00      1.01      0.00      0.00     91.92
11:38:00 AM      13      1.01     11.11      8.08      0.00      0.00     79.80
11:38:00 AM      14      1.01      0.00      1.01      1.01      0.00     96.97
11:38:00 AM      15     34.38      0.00     51.04      0.00      0.00     14.58

11:38:00 AM     CPU     %user     %nice   %system   %iowait    %steal     %idle
11:38:01 AM     all      6.16      2.99     14.03      0.00      0.00     76.82
11:38:01 AM       0      0.66      0.00     35.53      0.00      0.00     63.82
11:38:01 AM       1      0.00      0.00      0.00      0.00      0.00    100.00
11:38:01 AM       2      1.00      0.00      1.00      0.00      0.00     98.00
11:38:01 AM       3      0.00      0.00      1.00      0.00      0.00     99.00
11:38:01 AM       4     12.00      0.00     40.00      0.00      0.00     48.00
11:38:01 AM       5     12.00      0.00     36.00      0.00      0.00     52.00
11:38:01 AM       6      2.02      0.00      0.00      0.00      0.00     97.98
11:38:01 AM       7      0.00      0.00      0.99      0.00      0.00     99.01
11:38:01 AM       8     14.74     29.47     49.47      0.00      0.00      6.32
11:38:01 AM       9     10.10      0.00      8.08      0.00      0.00     81.82
11:38:01 AM      10      9.09      0.00      1.01      0.00      0.00     89.90
11:38:01 AM      11      5.05      0.00      0.00      0.00      0.00     94.95
11:38:01 AM      12      8.91      5.94      4.95      0.00      0.00     80.20
11:38:01 AM      13      2.02     15.15     13.13      0.00      0.00     69.70
11:38:01 AM      14      2.02      0.00      1.01      0.00      0.00     96.97
11:38:01 AM      15     22.92      0.00     22.92      0.00      0.00     54.17

11:38:01 AM     CPU     %user     %nice   %system   %iowait    %steal     %idle
11:38:02 AM     all     26.15      2.06      8.49      0.50      0.00     62.80
11:38:02 AM       0     22.32      0.00     10.71      0.00      0.00     66.96
11:38:02 AM       1     23.00      0.00      0.00      0.00      0.00     77.00
11:38:02 AM       2     22.22      0.00      0.00      0.00      0.00     77.78
11:38:02 AM       3     23.23      0.00      1.01      0.00      0.00     75.76
11:38:02 AM       4     22.00      1.00      0.00      0.00      0.00     77.00
11:38:02 AM       5     41.58      0.00     50.50      7.92      0.00      0.00
11:38:02 AM       6     23.23      0.00      0.00      0.00      0.00     76.77
11:38:02 AM       7     23.00      0.00      0.00      0.00      0.00     77.00
11:38:02 AM       8     42.00      5.00     34.00      0.00      0.00     19.00
11:38:02 AM       9     23.23      0.00      0.00      0.00      0.00     76.77
11:38:02 AM      10     23.47      0.00      1.02      0.00      0.00     75.51
11:38:02 AM      11     31.31      0.00     13.13      0.00      0.00     55.56
11:38:02 AM      12     24.49      5.10      5.10      0.00      0.00     65.31
11:38:02 AM      13     25.00     22.92     17.71      0.00      0.00     34.38
11:38:02 AM      14     24.00      0.00      1.00      0.00      0.00     75.00
11:38:02 AM      15     24.51      0.00      0.98      0.00      0.00     74.51

11:38:02 AM     CPU     %user     %nice   %system   %iowait    %steal     %idle
11:38:03 AM     all     78.30      0.00      2.10      0.00      0.00     19.61
11:38:03 AM       0    100.00      0.00      0.00      0.00      0.00      0.00
11:38:03 AM       1    100.00      0.00      0.00      0.00      0.00      0.00
11:38:03 AM       2     99.01      0.00      0.99      0.00      0.00      0.00
11:38:03 AM       3    100.00      0.00      0.00      0.00      0.00      0.00
11:38:03 AM       4    100.00      0.00      0.00      0.00      0.00      0.00
11:38:03 AM       5    100.00      0.00      0.00      0.00      0.00      0.00
11:38:03 AM       6    100.00      0.00      0.00      0.00      0.00      0.00
11:38:03 AM       7    100.00      0.00      0.00      0.00      0.00      0.00
11:38:03 AM       8    100.00      0.00      0.00      0.00      0.00      0.00
11:38:03 AM       9    100.00      0.00      0.00      0.00      0.00      0.00
11:38:03 AM      10    100.00      0.00      0.00      0.00      0.00      0.00
11:38:03 AM      11     74.76      0.00      3.88      0.00      0.00     21.36
11:38:03 AM      12     45.95      0.00     10.81      0.00      0.00     43.24
11:38:03 AM      13     30.39      0.00      2.94      0.00      0.00     66.67
11:38:03 AM      14      9.62      0.00      7.69      0.00      0.00     82.69
11:38:03 AM      15      2.91      0.00      5.83      0.00      0.00     91.26

11:38:03 AM     CPU     %user     %nice   %system   %iowait    %steal     %idle
11:38:04 AM     all     61.16      0.00      2.75      0.06      0.00     36.02
11:38:04 AM       0    100.00      0.00      0.00      0.00      0.00      0.00
11:38:04 AM       1    100.00      0.00      0.00      0.00      0.00      0.00
11:38:04 AM       2    100.00      0.00      0.00      0.00      0.00      0.00
11:38:04 AM       3     99.01      0.00      0.99      0.00      0.00      0.00
11:38:04 AM       4    100.00      0.00      0.00      0.00      0.00      0.00
11:38:04 AM       5    100.00      0.00      0.00      0.00      0.00      0.00
11:38:04 AM       6    100.00      0.00      0.00      0.00      0.00      0.00
11:38:04 AM       7    100.00      0.00      0.00      0.00      0.00      0.00
11:38:04 AM       8    100.00      0.00      0.00      0.00      0.00      0.00
11:38:04 AM       9     70.80      0.00     11.50      0.00      0.00     17.70
11:38:04 AM      10      8.55      0.00     16.24      0.00      0.00     75.21
11:38:04 AM      11      1.87      0.00      7.48      0.00      0.00     90.65
11:38:04 AM      12      2.04      0.00      0.00      0.00      0.00     97.96
11:38:04 AM      13      1.00      0.00      2.00      0.00      0.00     97.00
11:38:04 AM      14      3.00      0.00      2.00      1.00      0.00     94.00
11:38:04 AM      15      2.02      0.00      0.00      0.00      0.00     97.98

11:38:04 AM     CPU     %user     %nice   %system   %iowait    %steal     %idle
11:38:05 AM     all     51.02      0.00      2.04      0.00      0.00     46.94
11:38:05 AM       0    100.00      0.00      0.00      0.00      0.00      0.00
11:38:05 AM       1    100.00      0.00      0.00      0.00      0.00      0.00
11:38:05 AM       2    100.00      0.00      0.00      0.00      0.00      0.00
11:38:05 AM       3    100.00      0.00      0.00      0.00      0.00      0.00
11:38:05 AM       4     99.00      0.00      1.00      0.00      0.00      0.00
11:38:05 AM       5    100.00      0.00      0.00      0.00      0.00      0.00
11:38:05 AM       6    100.00      0.00      0.00      0.00      0.00      0.00
11:38:05 AM       7    100.00      0.00      0.00      0.00      0.00      0.00
11:38:05 AM       8     10.92      0.00     17.65      0.00      0.00     71.43
11:38:05 AM       9      0.94      0.00      5.66      0.00      0.00     93.40
11:38:05 AM      10      1.02      0.00      0.00      0.00      0.00     98.98
11:38:05 AM      11      1.02      0.00      0.00      0.00      0.00     98.98
11:38:05 AM      12      4.95      0.00      1.98      0.00      0.00     93.07
11:38:05 AM      13      3.96      0.00      1.98      0.00      0.00     94.06
11:38:05 AM      14      2.04      0.00      1.02      0.00      0.00     96.94
11:38:05 AM      15      1.01      0.00      0.00      0.00      0.00     98.99

11:38:05 AM     CPU     %user     %nice   %system   %iowait    %steal     %idle
11:38:06 AM     all     50.52      0.00      2.58      0.00      0.00     46.89
11:38:06 AM       0    100.00      0.00      0.00      0.00      0.00      0.00
11:38:06 AM       1    100.00      0.00      0.00      0.00      0.00      0.00
11:38:06 AM       2    100.00      0.00      0.00      0.00      0.00      0.00
11:38:06 AM       3    100.00      0.00      0.00      0.00      0.00      0.00
11:38:06 AM       4    100.00      0.00      0.00      0.00      0.00      0.00
11:38:06 AM       5    100.00      0.00      0.00      0.00      0.00      0.00
11:38:06 AM       6    100.00      0.00      0.00      0.00      0.00      0.00
11:38:06 AM       7    100.00      0.00      0.00      0.00      0.00      0.00
11:38:06 AM       8      3.97      0.00     23.02      0.00      0.00     73.02
11:38:06 AM       9      0.00      0.00      2.97      0.00      0.00     97.03
11:38:06 AM      10      4.90      0.00      2.94      0.00      0.00     92.16
11:38:06 AM      11      1.00      0.00      1.00      0.00      0.00     98.00
11:38:06 AM      12      3.03      0.00      2.02      0.00      0.00     94.95
11:38:06 AM      13      1.01      0.00      1.01      0.00      0.00     97.98
11:38:06 AM      14      2.06      0.00      1.03      0.00      0.00     96.91
11:38:06 AM      15      3.96      0.00      1.98      0.00      0.00     94.06

11:38:06 AM     CPU     %user     %nice   %system   %iowait    %steal     %idle
11:38:07 AM     all     42.91      0.00      2.75      0.00      0.00     54.34
11:38:07 AM       0    100.00      0.00      0.00      0.00      0.00      0.00
11:38:07 AM       1    100.00      0.00      0.00      0.00      0.00      0.00
11:38:07 AM       2    100.00      0.00      0.00      0.00      0.00      0.00
11:38:07 AM       3    100.00      0.00      0.00      0.00      0.00      0.00
11:38:07 AM       4     99.01      0.00      0.99      0.00      0.00      0.00
11:38:07 AM       5    100.00      0.00      0.00      0.00      0.00      0.00
11:38:07 AM       6     69.72      0.00      8.26      0.00      0.00     22.02
11:38:07 AM       7      9.68      0.00     20.16      0.00      0.00     70.16
11:38:07 AM       8      2.91      0.00      3.88      0.00      0.00     93.20
11:38:07 AM       9      0.98      0.00      1.96      0.00      0.00     97.06
11:38:07 AM      10      3.96      0.00      1.98      0.00      0.00     94.06
11:38:07 AM      11      1.00      0.00      0.00      0.00      0.00     99.00
11:38:07 AM      12      2.04      0.00      1.02      0.00      0.00     96.94
11:38:07 AM      13      0.00      0.00      1.00      0.00      0.00     99.00
11:38:07 AM      14      3.03      0.00      0.00      0.00      0.00     96.97
11:38:07 AM      15      0.00      0.00      0.00      0.00      0.00    100.00

11:38:07 AM     CPU     %user     %nice   %system   %iowait    %steal     %idle
11:38:08 AM     all     36.75      0.00      4.46      0.18      0.00     58.61
11:38:08 AM       0    100.00      0.00      0.00      0.00      0.00      0.00
11:38:08 AM       1    100.00      0.00      0.00      0.00      0.00      0.00
11:38:08 AM       2    100.00      0.00      0.00      0.00      0.00      0.00
11:38:08 AM       3     99.01      0.00      0.99      0.00      0.00      0.00
11:38:08 AM       4    100.00      0.00      0.00      0.00      0.00      0.00
11:38:08 AM       5    100.00      0.00      0.00      0.00      0.00      0.00
11:38:08 AM       6      0.00      0.00     39.26      0.00      0.00     60.74
11:38:08 AM       7      0.00      0.00      0.99      0.00      0.00     99.01
11:38:08 AM       8      2.02      0.00      1.01      0.00      0.00     96.97
11:38:08 AM       9      0.00      0.00      1.01      0.00      0.00     98.99
11:38:08 AM      10      1.00      0.00      1.00      2.00      0.00     96.00
11:38:08 AM      11      1.01      0.00      0.00      0.00      0.00     98.99
11:38:08 AM      12      2.94      0.00      2.94      0.00      0.00     94.12
11:38:08 AM      13      1.01      0.00      1.01      0.00      0.00     97.98
11:38:08 AM      14      1.03      0.00      1.03      1.03      0.00     96.91
11:38:08 AM      15      1.00      0.00      0.00      0.00      0.00     99.00

11:38:08 AM     CPU     %user     %nice   %system   %iowait    %steal     %idle
11:38:09 AM     all     36.19      0.00      4.28      0.18      0.00     59.35
11:38:09 AM       0    100.00      0.00      0.00      0.00      0.00      0.00
11:38:09 AM       1    100.00      0.00      0.00      0.00      0.00      0.00
11:38:09 AM       2    100.00      0.00      0.00      0.00      0.00      0.00
11:38:09 AM       3    100.00      0.00      0.00      0.00      0.00      0.00
11:38:09 AM       4    100.00      0.00      0.00      0.00      0.00      0.00
11:38:09 AM       5     82.08      0.00      5.66      0.00      0.00     12.26
11:38:09 AM       6      0.00      0.00     36.94      0.00      0.00     63.06
11:38:09 AM       7      0.00      0.00      0.99      0.00      0.00     99.01
11:38:09 AM       8      2.97      0.00      1.98      1.98      0.00     93.07
11:38:09 AM       9      1.00      0.00      0.00      0.00      0.00     99.00
11:38:09 AM      10      3.06      0.00      1.02      0.00      0.00     95.92
11:38:09 AM      11      2.02      0.00      0.00      0.00      0.00     97.98
11:38:09 AM      12      3.03      0.00      1.01      0.00      0.00     95.96
11:38:09 AM      13      0.00      0.00      0.00      0.00      0.00    100.00
11:38:09 AM      14      1.02      0.00      1.02      1.02      0.00     96.94
11:38:09 AM      15      0.00      0.00      1.01      0.00      0.00     98.99

11:38:09 AM     CPU     %user     %nice   %system   %iowait    %steal     %idle
11:38:10 AM     all     30.75      0.00      3.36      0.00      0.00     65.89
11:38:10 AM       0    100.00      0.00      0.00      0.00      0.00      0.00
11:38:10 AM       1    100.00      0.00      0.00      0.00      0.00      0.00
11:38:10 AM       2    100.00      0.00      0.00      0.00      0.00      0.00
11:38:10 AM       3     99.00      0.00      1.00      0.00      0.00      0.00
11:38:10 AM       4    100.00      0.00      0.00      0.00      0.00      0.00
11:38:10 AM       5      0.00      0.00     31.72      0.00      0.00     68.28
11:38:10 AM       6      0.00      0.00      0.00      0.00      0.00    100.00
11:38:10 AM       7      0.00      0.00      0.00      0.00      0.00    100.00
11:38:10 AM       8      1.00      0.00      2.00      0.00      0.00     97.00
11:38:10 AM       9      0.00      0.00      0.00      0.00      0.00    100.00
11:38:10 AM      10      2.02      0.00      1.01      0.00      0.00     96.97
11:38:10 AM      11      0.00      0.00      0.00      0.00      0.00    100.00
11:38:10 AM      12      0.00      0.00      2.02      0.00      0.00     97.98
11:38:10 AM      13      0.00      0.00      1.00      0.00      0.00     99.00
11:38:10 AM      14      1.01      0.00      0.00      0.00      0.00     98.99
11:38:10 AM      15      1.00      0.00      2.00      0.00      0.00     97.00

11:38:10 AM     CPU     %user     %nice   %system   %iowait    %steal     %idle
11:38:11 AM     all     27.68      0.00      3.11      0.12      0.00     69.09
11:38:11 AM       0    100.00      0.00      0.00      0.00      0.00      0.00
11:38:11 AM       1    100.00      0.00      0.00      0.00      0.00      0.00
11:38:11 AM       2    100.00      0.00      0.00      0.00      0.00      0.00
11:38:11 AM       3    100.00      0.00      0.00      0.00      0.00      0.00
11:38:11 AM       4     33.88      0.00     18.18      0.00      0.00     47.93
11:38:11 AM       5      0.00      0.00     16.67      0.00      0.00     83.33
11:38:11 AM       6      0.00      0.00      0.00      0.00      0.00    100.00
11:38:11 AM       7      0.00      0.00      0.00      0.00      0.00    100.00
11:38:11 AM       8      2.00      0.00      2.00      0.00      0.00     96.00
11:38:11 AM       9      2.00      0.00      1.00      0.00      0.00     97.00
11:38:11 AM      10      4.00      0.00      1.00      0.00      0.00     95.00
11:38:11 AM      11      0.00      0.00      2.00      0.00      0.00     98.00
11:38:11 AM      12      2.02      0.00      1.01      2.02      0.00     94.95
11:38:11 AM      13      0.00      0.00      0.00      0.00      0.00    100.00
11:38:11 AM      14      1.00      0.00      1.00      0.00      0.00     98.00
11:38:11 AM      15      1.98      0.00      0.99      0.00      0.00     97.03

11:38:11 AM     CPU     %user     %nice   %system   %iowait    %steal     %idle
11:38:12 AM     all     25.08      0.00      2.22      0.00      0.00     72.70
11:38:12 AM       0    100.00      0.00      0.00      0.00      0.00      0.00
11:38:12 AM       1    100.00      0.00      0.00      0.00      0.00      0.00
11:38:12 AM       2    100.00      0.00      0.00      0.00      0.00      0.00
11:38:12 AM       3    100.00      0.00      0.00      0.00      0.00      0.00
11:38:12 AM       4      0.00      0.00     23.26      0.00      0.00     76.74
11:38:12 AM       5      0.00      0.00      0.00      0.00      0.00    100.00
11:38:12 AM       6      0.00      0.00      0.99      0.00      0.00     99.01
11:38:12 AM       7      0.00      0.00      0.00      0.00      0.00    100.00
11:38:12 AM       8      1.98      0.00      1.98      0.00      0.00     96.04
11:38:12 AM       9      0.00      0.00      0.00      0.00      0.00    100.00
11:38:12 AM      10      1.01      0.00      1.01      0.00      0.00     97.98
11:38:12 AM      11      1.00      0.00      1.00      0.00      0.00     98.00
11:38:12 AM      12      1.02      0.00      1.02      0.00      0.00     97.96
11:38:12 AM      13      0.00      0.00      0.00      0.00      0.00    100.00
11:38:12 AM      14      2.00      0.00      0.00      0.00      0.00     98.00
11:38:12 AM      15      1.01      0.00      0.00      0.00      0.00     98.99

11:38:12 AM     CPU     %user     %nice   %system   %iowait    %steal     %idle
11:38:13 AM     all     26.02      0.00      2.28      0.00      0.00     71.70
11:38:13 AM       0    100.00      0.00      0.00      0.00      0.00      0.00
11:38:13 AM       1    100.00      0.00      0.00      0.00      0.00      0.00
11:38:13 AM       2    100.00      0.00      0.00      0.00      0.00      0.00
11:38:13 AM       3     97.03      0.00      0.99      0.00      0.00      1.98
11:38:13 AM       4      0.00      0.00     22.05      0.00      0.00     77.95
11:38:13 AM       5      0.00      0.00      0.00      0.00      0.00    100.00
11:38:13 AM       6      0.00      0.00      0.00      0.00      0.00    100.00
11:38:13 AM       7      0.00      0.00      0.00      0.00      0.00    100.00
11:38:13 AM       8      0.00      0.00      0.00      0.00      0.00    100.00
11:38:13 AM       9      3.00      0.00      2.00      0.00      0.00     95.00
11:38:13 AM      10      3.00      0.00      1.00      0.00      0.00     96.00
11:38:13 AM      11      1.01      0.00      0.00      0.00      0.00     98.99
11:38:13 AM      12      3.00      0.00      2.00      0.00      0.00     95.00
11:38:13 AM      13      1.98      0.00      1.98      0.00      0.00     96.04
11:38:13 AM      14     11.22      0.00      0.00      0.00      0.00     88.78
11:38:13 AM      15      1.00      0.00      1.00      0.00      0.00     98.00

11:38:13 AM     CPU     %user     %nice   %system   %iowait    %steal     %idle
11:38:14 AM     all     15.88      0.00      2.39      0.31      0.00     81.42
11:38:14 AM       0    100.00      0.00      0.00      0.00      0.00      0.00
11:38:14 AM       1    100.00      0.00      0.00      0.00      0.00      0.00
11:38:14 AM       2     39.50      0.00     15.97      0.00      0.00     44.54
11:38:14 AM       3      0.90      0.00     10.81      0.00      0.00     88.29
11:38:14 AM       4      0.00      0.00      0.00      0.00      0.00    100.00
11:38:14 AM       5      0.00      0.00      0.00      0.00      0.00    100.00
11:38:14 AM       6      0.00      0.00      0.00      0.00      0.00    100.00
11:38:14 AM       7      0.00      0.00      0.00      0.00      0.00    100.00
11:38:14 AM       8      3.88      0.00      0.97      0.97      0.00     94.17
11:38:14 AM       9      1.00      0.00      1.00      0.00      0.00     98.00
11:38:14 AM      10      1.00      0.00      2.00      1.00      0.00     96.00
11:38:14 AM      11      0.00      0.00      0.00      1.00      0.00     99.00
11:38:14 AM      12      0.99      0.00      1.98      0.00      0.00     97.03
11:38:14 AM      13      1.01      0.00      0.00      0.00      0.00     98.99
11:38:14 AM      14      1.98      0.00      1.98      1.98      0.00     94.06
11:38:14 AM      15      1.01      0.00      0.00      0.00      0.00     98.99

11:38:14 AM     CPU     %user     %nice   %system   %iowait    %steal     %idle
11:38:15 AM     all     13.18      0.06      3.40      0.00      0.00     83.36
11:38:15 AM       0    100.00      0.00      0.00      0.00      0.00      0.00
11:38:15 AM       1    100.00      0.00      0.00      0.00      0.00      0.00
11:38:15 AM       2      0.00      0.00     31.72      0.00      0.00     68.28
11:38:15 AM       3      0.00      0.00      1.00      0.00      0.00     99.00
11:38:15 AM       4      0.00      0.00      0.00      0.00      0.00    100.00
11:38:15 AM       5      0.00      0.00      0.00      0.00      0.00    100.00
11:38:15 AM       6      0.00      0.00      0.00      0.00      0.00    100.00
11:38:15 AM       7      0.00      0.00      0.00      0.00      0.00    100.00
11:38:15 AM       8      1.96      0.00      1.96      0.00      0.00     96.08
11:38:15 AM       9      5.00      0.00      1.00      0.00      0.00     94.00
11:38:15 AM      10      3.92      0.98      0.98      0.00      0.00     94.12
11:38:15 AM      11      0.00      0.00      0.00      0.00      0.00    100.00
11:38:15 AM      12      2.00      0.00      2.00      0.00      0.00     96.00
11:38:15 AM      13      1.00      0.00      1.00      0.00      0.00     98.00
11:38:15 AM      14      1.98      0.00      1.98      0.00      0.00     96.04
11:38:15 AM      15      1.01      0.00      0.00      0.00      0.00     98.99

11:38:15 AM     CPU     %user     %nice   %system   %iowait    %steal     %idle
11:38:16 AM     all     13.86      0.00      3.13      0.00      0.00     83.02
11:38:16 AM       0    100.00      0.00      0.00      0.00      0.00      0.00
11:38:16 AM       1    100.00      0.00      0.00      0.00      0.00      0.00
11:38:16 AM       2      0.00      0.00     27.94      0.00      0.00     72.06
11:38:16 AM       3      0.00      0.00      1.00      0.00      0.00     99.00
11:38:16 AM       4      0.00      0.00      2.00      0.00      0.00     98.00
11:38:16 AM       5      0.00      0.00      0.00      0.00      0.00    100.00
11:38:16 AM       6      0.00      0.00      0.00      0.00      0.00    100.00
11:38:16 AM       7      1.00      0.00      0.00      0.00      0.00     99.00
11:38:16 AM       8      6.06      0.00      1.01      0.00      0.00     92.93
11:38:16 AM       9      5.05      0.00      0.00      0.00      0.00     94.95
11:38:16 AM      10      2.00      0.00      2.00      0.00      0.00     96.00
11:38:16 AM      11      3.03      0.00      2.02      0.00      0.00     94.95
11:38:16 AM      12      4.00      0.00      2.00      0.00      0.00     94.00
11:38:16 AM      13      1.00      0.00      1.00      0.00      0.00     98.00
11:38:16 AM      14      4.00      0.00      1.00      0.00      0.00     95.00
11:38:16 AM      15      0.00      0.00      1.01      0.00      0.00     98.99

11:38:16 AM     CPU     %user     %nice   %system   %iowait    %steal     %idle
11:38:17 AM     all     13.50      0.00      1.43      0.00      0.00     85.07
11:38:17 AM       0    100.00      0.00      0.00      0.00      0.00      0.00
11:38:17 AM       1    100.00      0.00      0.00      0.00      0.00      0.00
11:38:17 AM       2      1.77      0.00     12.39      0.00      0.00     85.84
11:38:17 AM       3      0.99      0.00      0.99      0.00      0.00     98.02
11:38:17 AM       4      0.00      0.00      0.00      0.00      0.00    100.00
11:38:17 AM       5      0.00      0.00      0.00      0.00      0.00    100.00
11:38:17 AM       6      0.00      0.00      1.00      0.00      0.00     99.00
11:38:17 AM       7      0.00      0.00      0.99      0.00      0.00     99.01
11:38:17 AM       8      4.00      0.00      1.00      0.00      0.00     95.00
11:38:17 AM       9      3.03      0.00      1.01      0.00      0.00     95.96
11:38:17 AM      10      1.00      0.00      2.00      0.00      0.00     97.00
11:38:17 AM      11      0.00      0.00      0.00      0.00      0.00    100.00
11:38:17 AM      12      3.00      0.00      1.00      0.00      0.00     96.00
11:38:17 AM      13      1.02      0.00      0.00      0.00      0.00     98.98
11:38:17 AM      14      1.02      0.00      1.02      0.00      0.00     97.96
11:38:17 AM      15      1.00      0.00      0.00      0.00      0.00     99.00

11:38:17 AM     CPU     %user     %nice   %system   %iowait    %steal     %idle
11:38:18 AM     all     13.04      0.00      1.86      0.00      0.00     85.10
11:38:18 AM       0    100.00      0.00      0.00      0.00      0.00      0.00
11:38:18 AM       1    100.00      0.00      0.00      0.00      0.00      0.00
11:38:18 AM       2      0.00      0.00     18.18      0.00      0.00     81.82
11:38:18 AM       3      0.00      0.00      0.00      0.00      0.00    100.00
11:38:18 AM       4      0.00      0.00      0.00      0.00      0.00    100.00
11:38:18 AM       5      0.00      0.00      0.99      0.00      0.00     99.01
11:38:18 AM       6      0.00      0.00      0.00      0.00      0.00    100.00
11:38:18 AM       7      0.00      0.00      0.00      0.00      0.00    100.00
11:38:18 AM       8      2.02      0.00      1.01      0.00      0.00     96.97
11:38:18 AM       9      2.00      0.00      1.00      0.00      0.00     97.00
11:38:18 AM      10      1.02      0.00      1.02      0.00      0.00     97.96
11:38:18 AM      11      0.00      0.00      1.01      0.00      0.00     98.99
11:38:18 AM      12      1.01      0.00      1.01      0.00      0.00     97.98
11:38:18 AM      13      0.00      0.00      0.00      0.00      0.00    100.00
11:38:18 AM      14      3.00      0.00      2.00      0.00      0.00     95.00
11:38:18 AM      15      1.00      0.00      0.00      0.00      0.00     99.00

11:38:18 AM     CPU     %user     %nice   %system   %iowait    %steal     %idle
11:38:19 AM     all     13.41      0.00      1.79      0.19      0.00     84.61
11:38:19 AM       0    100.00      0.00      0.00      0.00      0.00      0.00
11:38:19 AM       1    100.00      0.00      0.00      0.00      0.00      0.00
11:38:19 AM       2      0.00      0.00     20.33      0.00      0.00     79.67
11:38:19 AM       3      1.96      0.00      0.98      0.00      0.00     97.06
11:38:19 AM       4      0.00      0.00      0.99      0.00      0.00     99.01
11:38:19 AM       5      0.00      0.00      0.00      0.00      0.00    100.00
11:38:19 AM       6      1.98      0.00      0.00      1.98      0.00     96.04
11:38:19 AM       7      0.00      0.00      0.00      0.00      0.00    100.00
11:38:19 AM       8      3.96      0.00      0.00      0.00      0.00     96.04
11:38:19 AM       9      1.02      0.00      0.00      0.00      0.00     98.98
11:38:19 AM      10      4.95      0.00      0.99      0.00      0.00     94.06
11:38:19 AM      11      0.00      0.00      0.00      1.03      0.00     98.97
11:38:19 AM      12      2.04      0.00      1.02      0.00      0.00     96.94
11:38:19 AM      13      0.00      0.00      0.00      0.00      0.00    100.00
11:38:19 AM      14      1.02      0.00      0.00      0.00      0.00     98.98
11:38:19 AM      15      0.00      0.00      0.00      0.00      0.00    100.00

11:38:19 AM     CPU     %user     %nice   %system   %iowait    %steal     %idle
11:38:20 AM     all     13.64      0.00      1.91      0.06      0.00     84.38
11:38:20 AM       0    100.00      0.00      0.00      0.00      0.00      0.00
11:38:20 AM       1    100.00      0.00      0.00      0.00      0.00      0.00
11:38:20 AM       2      0.00      0.00     17.65      0.00      0.00     82.35
11:38:20 AM       3      1.94      0.00      1.94      0.00      0.00     96.12
11:38:20 AM       4      8.08      0.00      1.01      0.00      0.00     90.91
11:38:20 AM       5      0.00      0.00      0.00      0.00      0.00    100.00
11:38:20 AM       6      0.00      0.00      0.00      0.00      0.00    100.00
11:38:20 AM       7      0.00      0.00      1.98      0.00      0.00     98.02
11:38:20 AM       8      3.06      0.00      0.00      0.00      0.00     96.94
11:38:20 AM       9      0.00      0.00      0.00      0.00      0.00    100.00
11:38:20 AM      10      2.00      0.00      1.00      0.00      0.00     97.00
11:38:20 AM      11      0.00      0.00      0.00      1.00      0.00     99.00
11:38:20 AM      12      2.97      0.00      2.97      0.00      0.00     94.06
11:38:20 AM      13      0.00      0.00      0.00      0.00      0.00    100.00
11:38:20 AM      14      3.00      0.00      1.00      0.00      0.00     96.00
11:38:20 AM      15      0.00      0.00      0.00      0.00      0.00    100.00

11:38:20 AM     CPU     %user     %nice   %system   %iowait    %steal     %idle
11:38:21 AM     all     13.41      0.00      2.34      0.06      0.00     84.19
11:38:21 AM       0    100.00      0.00      0.00      0.00      0.00      0.00
11:38:21 AM       1    100.00      0.00      0.00      0.00      0.00      0.00
11:38:21 AM       2      0.79      0.00     21.26      0.00      0.00     77.95
11:38:21 AM       3      0.00      0.00      0.00      0.00      0.00    100.00
11:38:21 AM       4      0.00      0.00      0.99      0.00      0.00     99.01
11:38:21 AM       5      0.00      0.00      0.00      0.00      0.00    100.00
11:38:21 AM       6      0.00      0.00      0.00      0.00      0.00    100.00
11:38:21 AM       7      1.00      0.00      0.00      0.00      0.00     99.00
11:38:21 AM       8      3.03      0.00      1.01      0.00      0.00     95.96
11:38:21 AM       9      1.98      0.00      0.00      0.00      0.00     98.02
11:38:21 AM      10      2.02      0.00      2.02      0.00      0.00     95.96
11:38:21 AM      11      1.01      0.00      0.00      0.00      0.00     98.99
11:38:21 AM      12      4.95      0.00      2.97      0.99      0.00     91.09
11:38:21 AM      13      1.00      0.00      0.00      0.00      0.00     99.00
11:38:21 AM      14      2.00      0.00      2.00      0.00      0.00     96.00
11:38:21 AM      15      0.00      0.00      1.98      0.00      0.00     98.02

11:38:21 AM     CPU     %user     %nice   %system   %iowait    %steal     %idle
11:38:22 AM     all     12.85      0.00      2.04      0.00      0.00     85.11
11:38:22 AM       0    100.00      0.00      0.00      0.00      0.00      0.00
11:38:22 AM       1    100.00      0.00      0.00      0.00      0.00      0.00
11:38:22 AM       2      0.00      0.00     21.60      0.00      0.00     78.40
11:38:22 AM       3      0.00      0.00      1.00      0.00      0.00     99.00
11:38:22 AM       4      0.99      0.00      0.00      0.00      0.00     99.01
11:38:22 AM       5      0.00      0.00      0.00      0.00      0.00    100.00
11:38:22 AM       6      0.00      0.00      0.00      0.00      0.00    100.00
11:38:22 AM       7      0.00      0.00      1.01      0.00      0.00     98.99
11:38:22 AM       8      1.01      0.00      1.01      0.00      0.00     97.98
11:38:22 AM       9      0.00      0.00      0.00      0.00      0.00    100.00
11:38:22 AM      10      2.02      0.00      0.00      0.00      0.00     97.98
11:38:22 AM      11      0.00      0.00      0.00      0.00      0.00    100.00
11:38:22 AM      12      0.99      0.00      1.98      0.00      0.00     97.03
11:38:22 AM      13      0.99      0.00      0.99      0.00      0.00     98.02
11:38:22 AM      14      1.03      0.00      0.00      0.00      0.00     98.97
11:38:22 AM      15      1.01      0.00      0.00      0.00      0.00     98.99

11:38:22 AM     CPU     %user     %nice   %system   %iowait    %steal     %idle
11:38:23 AM     all      8.32      0.93      5.21      0.00      0.00     85.54
11:38:23 AM       0     28.07      0.00     16.67      0.00      0.00     55.26
11:38:23 AM       1     65.69      0.00      1.96      0.00      0.00     32.35
11:38:23 AM       2      5.66      0.00     22.64      0.00      0.00     71.70
11:38:23 AM       3      0.00      0.00      0.00      0.00      0.00    100.00
11:38:23 AM       4      0.00      0.00      0.00      0.00      0.00    100.00
11:38:23 AM       5      0.00      0.00      0.00      0.00      0.00    100.00
11:38:23 AM       6      0.00      0.00      0.00      0.00      0.00    100.00
11:38:23 AM       7      0.00      0.00      0.99      0.00      0.00     99.01
11:38:23 AM       8      3.06     14.29     12.24      0.00      0.00     70.41
11:38:23 AM       9      2.00      0.00      0.00      0.00      0.00     98.00
11:38:23 AM      10      4.04      0.00      4.04      0.00      0.00     91.92
11:38:23 AM      11      1.98      0.00      0.99      0.00      0.00     97.03
11:38:23 AM      12      1.04      1.04      3.12      0.00      0.00     94.79
11:38:23 AM      13      0.00      0.00      0.00      0.00      0.00    100.00
11:38:23 AM      14      1.01      0.00      1.01      0.00      0.00     97.98
11:38:23 AM      15     16.16      0.00     17.17      0.00      0.00     66.67

11:38:23 AM     CPU     %user     %nice   %system   %iowait    %steal     %idle
11:38:24 AM     all      4.00      3.03     15.01      0.06      0.00     77.91
11:38:24 AM       0      0.00      0.00     36.94      0.00      0.00     63.06
11:38:24 AM       1      0.00      0.00      0.00      0.00      0.00    100.00
11:38:24 AM       2     19.80      0.00     77.23      0.00      0.00      2.97
11:38:24 AM       3      2.00      0.00      2.00      0.00      0.00     96.00
11:38:24 AM       4      0.00      0.00      1.01      0.00      0.00     98.99
11:38:24 AM       5      0.00      0.00      0.00      0.00      0.00    100.00
11:38:24 AM       6      0.00      0.00      1.00      0.00      0.00     99.00
11:38:24 AM       7      0.00      0.00      0.00      0.00      0.00    100.00
11:38:24 AM       8      0.00     19.00     20.00      0.00      0.00     61.00
11:38:24 AM       9      0.00      0.00      1.00      0.00      0.00     99.00
11:38:24 AM      10      0.00     22.45     18.37      0.00      0.00     59.18
11:38:24 AM      11      1.00      0.00      0.00      0.00      0.00     99.00
11:38:24 AM      12      1.00      9.00     12.00      0.00      0.00     78.00
11:38:24 AM      13      2.00      0.00      1.00      0.00      0.00     97.00
11:38:24 AM      14     15.31      0.00     20.41      1.02      0.00     63.27
11:38:24 AM      15     25.25      0.00     36.36      0.00      0.00     38.38

11:38:24 AM     CPU     %user     %nice   %system   %iowait    %steal     %idle
11:38:25 AM     all      9.51      3.31     12.07      0.00      0.00     75.11
11:38:25 AM       0      1.87      0.00     12.15      0.00      0.00     85.98
11:38:25 AM       1      0.00      0.00      9.35      0.00      0.00     90.65
11:38:25 AM       2     13.13      0.00     29.29      0.00      0.00     57.58
11:38:25 AM       3     19.00      0.00     39.00      0.00      0.00     42.00
11:38:25 AM       4      0.00      0.00      4.12      0.00      0.00     95.88
11:38:25 AM       5      1.02      0.00      0.00      0.00      0.00     98.98
11:38:25 AM       6      2.97      0.00      1.98      0.00      0.00     95.05
11:38:25 AM       7      1.01      0.00      0.00      0.00      0.00     98.99
11:38:25 AM       8     13.54      0.00      6.25      0.00      0.00     80.21
11:38:25 AM       9     24.75      0.00      7.92      0.00      0.00     67.33
11:38:25 AM      10      7.14     14.29     16.33      0.00      0.00     62.24
11:38:25 AM      11     16.67      6.25     13.54      0.00      0.00     63.54
11:38:25 AM      12      7.14      2.04      6.12      0.00      0.00     84.69
11:38:25 AM      13      1.98     30.69     23.76      0.00      0.00     43.56
11:38:25 AM      14     19.00      0.00     13.00      0.00      0.00     68.00
11:38:25 AM      15     23.76      0.00      9.90      0.00      0.00     66.34

11:38:25 AM     CPU     %user     %nice   %system   %iowait    %steal     %idle
11:38:26 AM     all      4.92      2.99     12.34      0.19      0.00     79.56
11:38:26 AM       0      0.00      0.00     14.16      0.00      0.00     85.84
11:38:26 AM       1      0.00      0.00      6.60      0.00      0.00     93.40
11:38:26 AM       2      0.00      0.00      3.00      0.00      0.00     97.00
11:38:26 AM       3     27.00      0.00     70.00      0.00      0.00      3.00
11:38:26 AM       4      0.00      0.00      2.00      0.00      0.00     98.00
11:38:26 AM       5      0.00      0.00      0.00      0.00      0.00    100.00
11:38:26 AM       6      0.00      0.00      0.00      0.00      0.00    100.00
11:38:26 AM       7      2.00      0.00      0.00      0.00      0.00     98.00
11:38:26 AM       8     39.18      0.00     51.55      0.00      0.00      9.28
11:38:26 AM       9      1.01      0.00      0.00      0.00      0.00     98.99
11:38:26 AM      10      1.03      1.03      4.12      2.06      0.00     91.75
11:38:26 AM      11      5.15     39.18     35.05      0.00      0.00     20.62
11:38:26 AM      12      1.00      0.00      1.00      1.00      0.00     97.00
11:38:26 AM      13      2.02      0.00      1.01      0.00      0.00     96.97
11:38:26 AM      14      0.00      9.09     10.10      0.00      0.00     80.81
11:38:26 AM      15      2.02      0.00      0.00      0.00      0.00     97.98

11:38:26 AM     CPU     %user     %nice   %system   %iowait    %steal     %idle
11:38:27 AM     all      2.00      0.37      2.99      0.81      0.00     93.83
11:38:27 AM       0      0.00      0.00     10.81      0.00      0.00     89.19
11:38:27 AM       1      0.00      0.00      0.00      0.00      0.00    100.00
11:38:27 AM       2      0.00      0.00      3.03      0.00      0.00     96.97
11:38:27 AM       3     14.14      0.00     13.13      7.07      0.00     65.66
11:38:27 AM       4      0.00      0.00      1.00      6.00      0.00     93.00
11:38:27 AM       5      0.00      0.00      1.01      0.00      0.00     98.99
11:38:27 AM       6      1.02      0.00      0.00      0.00      0.00     98.98
11:38:27 AM       7      4.00      0.00      1.00      0.00      0.00     95.00
11:38:27 AM       8      4.08      0.00      2.04      0.00      0.00     93.88
11:38:27 AM       9      1.00      0.00      0.00      0.00      0.00     99.00
11:38:27 AM      10      3.96      1.98      5.94      0.00      0.00     88.12
11:38:27 AM      11      0.00      2.00      2.00      0.00      0.00     96.00
11:38:27 AM      12      0.00      2.04      1.02      0.00      0.00     96.94
11:38:27 AM      13      1.98      0.00      0.99      0.00      0.00     97.03
11:38:27 AM      14      1.98      0.00      1.98      0.00      0.00     96.04
11:38:27 AM      15      0.00      0.00      3.00      0.00      0.00     97.00

11:38:27 AM     CPU     %user     %nice   %system   %iowait    %steal     %idle
11:38:28 AM     all      0.82      0.00      0.50      0.00      0.00     98.68
11:38:28 AM       0      0.00      0.00      0.00      0.00      0.00    100.00
11:38:28 AM       1      0.00      0.00      0.00      0.00      0.00    100.00
11:38:28 AM       2      0.98      0.00      0.98      0.00      0.00     98.04
11:38:28 AM       3      1.01      0.00      0.00      0.00      0.00     98.99
11:38:28 AM       4      0.00      0.00      1.00      0.00      0.00     99.00
11:38:28 AM       5      1.00      0.00      1.00      0.00      0.00     98.00
11:38:28 AM       6      1.00      0.00      1.00      0.00      0.00     98.00
11:38:28 AM       7      1.01      0.00      1.01      0.00      0.00     97.98
11:38:28 AM       8      2.02      0.00      0.00      0.00      0.00     97.98
11:38:28 AM       9      1.00      0.00      0.00      0.00      0.00     99.00
11:38:28 AM      10      1.01      0.00      1.01      0.00      0.00     97.98
11:38:28 AM      11      0.00      0.00      0.00      0.00      0.00    100.00
11:38:28 AM      12      2.00      0.00      2.00      0.00      0.00     96.00
11:38:28 AM      13      0.00      0.00      0.00      0.00      0.00    100.00
11:38:28 AM      14      1.02      0.00      0.00      0.00      0.00     98.98
11:38:28 AM      15      1.01      0.00      0.00      0.00      0.00     98.99

11:38:28 AM     CPU     %user     %nice   %system   %iowait    %steal     %idle
11:38:29 AM     all      0.94      0.00      0.88      0.13      0.00     98.06
11:38:29 AM       0      0.99      0.00      0.99      0.00      0.00     98.02
11:38:29 AM       1      0.00      0.00      0.00      0.00      0.00    100.00
11:38:29 AM       2      0.00      0.00      2.00      0.00      0.00     98.00
11:38:29 AM       3      0.00      0.00      1.01      0.00      0.00     98.99
11:38:29 AM       4      1.00      0.00      0.00      0.00      0.00     99.00
11:38:29 AM       5      5.00      0.00      0.00      0.00      0.00     95.00
11:38:29 AM       6      1.01      0.00      1.01      0.00      0.00     97.98
11:38:29 AM       7      0.99      0.00      0.99      0.00      0.00     98.02
11:38:29 AM       8      1.00      0.00      2.00      0.00      0.00     97.00
11:38:29 AM       9      0.00      0.00      0.00      0.00      0.00    100.00
11:38:29 AM      10      1.00      0.00      1.00      0.00      0.00     98.00
11:38:29 AM      11      1.02      0.00      1.02      1.02      0.00     96.94
11:38:29 AM      12      1.00      0.00      3.00      0.00      0.00     96.00
11:38:29 AM      13      1.00      0.00      0.00      0.00      0.00     99.00
11:38:29 AM      14      1.00      0.00      1.00      1.00      0.00     97.00
11:38:29 AM      15      0.00      0.00      0.00      0.00      0.00    100.00

11:38:29 AM     CPU     %user     %nice   %system   %iowait    %steal     %idle
11:38:30 AM     all      0.88      0.00      0.69      0.00      0.00     98.43
11:38:30 AM       0      0.00      0.00      1.00      0.00      0.00     99.00
11:38:30 AM       1      0.99      0.00      0.99      0.00      0.00     98.02
11:38:30 AM       2      2.00      0.00      1.00      0.00      0.00     97.00
11:38:30 AM       3      1.01      0.00      1.01      0.00      0.00     97.98
11:38:30 AM       4      1.01      0.00      0.00      0.00      0.00     98.99
11:38:30 AM       5      0.99      0.00      0.00      0.00      0.00     99.01
11:38:30 AM       6      1.98      0.00      0.99      0.00      0.00     97.03
11:38:30 AM       7      0.00      0.00      0.00      0.00      0.00    100.00
11:38:30 AM       8      0.00      0.00      1.01      0.00      0.00     98.99
11:38:30 AM       9      1.01      0.00      0.00      0.00      0.00     98.99
11:38:30 AM      10      0.00      0.00      0.00      0.00      0.00    100.00
11:38:30 AM      11      1.01      0.00      1.01      0.00      0.00     97.98
11:38:30 AM      12      1.00      0.00      2.00      0.00      0.00     97.00
11:38:30 AM      13      1.00      0.00      1.00      0.00      0.00     98.00
11:38:30 AM      14      1.01      0.00      0.00      0.00      0.00     98.99
11:38:30 AM      15      0.98      0.00      0.98      0.00      0.00     98.04

11:38:30 AM     CPU     %user     %nice   %system   %iowait    %steal     %idle
11:38:31 AM     all      1.07      0.00      0.69      0.00      0.00     98.24
11:38:31 AM       0      0.00      0.00      1.98      0.00      0.00     98.02
11:38:31 AM       1      0.00      0.00      1.01      0.00      0.00     98.99
11:38:31 AM       2      3.06      0.00      0.00      0.00      0.00     96.94
11:38:31 AM       3      1.00      0.00      1.00      0.00      0.00     98.00
11:38:31 AM       4      1.01      0.00      1.01      0.00      0.00     97.98
11:38:31 AM       5      0.00      0.00      0.00      0.00      0.00    100.00
11:38:31 AM       6      0.00      0.00      1.01      0.00      0.00     98.99
11:38:31 AM       7      0.00      0.00      0.00      0.00      0.00    100.00
11:38:31 AM       8      1.00      0.00      1.00      0.00      0.00     98.00
11:38:31 AM       9      0.99      0.00      0.99      0.00      0.00     98.02
11:38:31 AM      10      2.06      0.00      0.00      0.00      0.00     97.94
11:38:31 AM      11      1.01      0.00      1.01      0.00      0.00     97.98
11:38:31 AM      12      4.00      0.00      1.00      0.00      0.00     95.00
11:38:31 AM      13      1.00      0.00      0.00      0.00      0.00     99.00
11:38:31 AM      14      2.00      0.00      1.00      0.00      0.00     97.00
11:38:31 AM      15      0.00      0.00      0.00      0.00      0.00    100.00

11:38:31 AM     CPU     %user     %nice   %system   %iowait    %steal     %idle
11:38:32 AM     all      0.81      0.00      0.63      0.13      0.00     98.44
11:38:32 AM       0      0.99      0.00      0.99      1.98      0.00     96.04
11:38:32 AM       1      0.00      0.00      0.00      0.00      0.00    100.00
11:38:32 AM       2      0.99      0.00      0.00      0.00      0.00     99.01
11:38:32 AM       3      1.02      0.00      0.00      0.00      0.00     98.98
11:38:32 AM       4      0.00      0.00      1.01      0.00      0.00     98.99
11:38:32 AM       5      0.00      0.00      0.00      0.00      0.00    100.00
11:38:32 AM       6      1.98      0.00      0.99      0.00      0.00     97.03
11:38:32 AM       7      0.00      0.00      0.00      0.00      0.00    100.00
11:38:32 AM       8      3.00      0.00      2.00      0.00      0.00     95.00
11:38:32 AM       9      0.00      0.00      0.00      0.00      0.00    100.00
11:38:32 AM      10      0.00      0.00      2.02      0.00      0.00     97.98
11:38:32 AM      11      0.00      0.00      0.00      0.00      0.00    100.00
11:38:32 AM      12      1.98      0.00      1.98      0.00      0.00     96.04
11:38:32 AM      13      0.00      0.00      0.00      0.00      0.00    100.00
11:38:32 AM      14      2.02      0.00      1.01      0.00      0.00     96.97
11:38:32 AM      15      1.00      0.00      0.00      0.00      0.00     99.00

11:38:32 AM     CPU     %user     %nice   %system   %iowait    %steal     %idle
11:38:33 AM     all      0.76      0.00      0.57      0.00      0.00     98.68
11:38:33 AM       0      0.00      0.00      0.00      0.00      0.00    100.00
11:38:33 AM       1      0.00      0.00      0.00      0.00      0.00    100.00
11:38:33 AM       2      0.00      0.00      0.00      0.00      0.00    100.00
11:38:33 AM       3      0.00      0.00      0.00      0.00      0.00    100.00
11:38:33 AM       4      3.09      0.00      1.03      0.00      0.00     95.88
11:38:33 AM       5      0.00      0.00      0.00      0.00      0.00    100.00
11:38:33 AM       6      1.00      0.00      1.00      0.00      0.00     98.00
11:38:33 AM       7      0.00      0.00      0.00      0.00      0.00    100.00
11:38:33 AM       8      1.02      0.00      1.02      0.00      0.00     97.96
11:38:33 AM       9      0.00      0.00      0.00      0.00      0.00    100.00
11:38:33 AM      10      3.06      0.00      0.00      0.00      0.00     96.94
11:38:33 AM      11      0.00      0.00      0.00      0.00      0.00    100.00
11:38:33 AM      12      1.00      0.00      4.00      0.00      0.00     95.00
11:38:33 AM      13      1.00      0.00      0.00      0.00      0.00     99.00
11:38:33 AM      14      2.02      0.00      1.01      0.00      0.00     96.97
11:38:33 AM      15      0.00      0.00      1.01      0.00      0.00     98.99

11:38:33 AM     CPU     %user     %nice   %system   %iowait    %steal     %idle
11:38:34 AM     all      1.25      0.00      0.75      0.19      0.00     97.81
11:38:34 AM       0      0.99      0.00      0.99      0.00      0.00     98.02
11:38:34 AM       1      0.00      0.00      0.00      0.00      0.00    100.00
11:38:34 AM       2      0.99      0.00      0.99      0.00      0.00     98.02
11:38:34 AM       3      1.01      0.00      1.01      0.00      0.00     97.98
11:38:34 AM       4      1.98      0.00      1.98      0.00      0.00     96.04
11:38:34 AM       5      0.00      0.00      0.00      0.00      0.00    100.00
11:38:34 AM       6      2.02      0.00      0.00      0.00      0.00     97.98
11:38:34 AM       7      0.00      0.00      0.00      0.00      0.00    100.00
11:38:34 AM       8      1.01      0.00      1.01      1.01      0.00     96.97
11:38:34 AM       9      1.98      0.00      0.00      0.00      0.00     98.02
11:38:34 AM      10      1.01      0.00      2.02      0.00      0.00     96.97
11:38:34 AM      11      0.00      0.00      1.00      2.00      0.00     97.00
11:38:34 AM      12      3.00      0.00      1.00      0.00      0.00     96.00
11:38:34 AM      13      1.01      0.00      0.00      0.00      0.00     98.99
11:38:34 AM      14      4.04      0.00      1.01      0.00      0.00     94.95
11:38:34 AM      15      0.99      0.00      0.99      0.00      0.00     98.02

11:38:34 AM     CPU     %user     %nice   %system   %iowait    %steal     %idle
11:38:35 AM     all      1.07      0.00      0.75      0.00      0.00     98.18
11:38:35 AM       0      0.00      0.00      2.00      0.00      0.00     98.00
11:38:35 AM       1      0.00      0.00      0.00      0.00      0.00    100.00
11:38:35 AM       2      1.00      0.00      0.00      0.00      0.00     99.00
11:38:35 AM       3      0.00      0.00      1.01      0.00      0.00     98.99
11:38:35 AM       4      0.00      0.00      1.00      0.00      0.00     99.00
11:38:35 AM       5      4.04      0.00      0.00      0.00      0.00     95.96
11:38:35 AM       6      0.00      0.00      0.00      0.00      0.00    100.00
11:38:35 AM       7      0.00      0.00      0.00      0.00      0.00    100.00
11:38:35 AM       8      2.97      0.00      1.98      0.00      0.00     95.05
11:38:35 AM       9      0.00      0.00      1.01      0.00      0.00     98.99
11:38:35 AM      10      2.02      0.00      1.01      0.00      0.00     96.97
11:38:35 AM      11      1.01      0.00      0.00      0.00      0.00     98.99
11:38:35 AM      12      1.03      0.00      1.03      0.00      0.00     97.94
11:38:35 AM      13      0.00      0.00      1.00      0.00      0.00     99.00
11:38:35 AM      14      5.00      0.00      1.00      0.00      0.00     94.00
11:38:35 AM      15      0.00      0.00      1.00      0.00      0.00     99.00

11:38:35 AM     CPU     %user     %nice   %system   %iowait    %steal     %idle
11:38:36 AM     all      1.32      0.00      0.50      0.00      0.00     98.18
11:38:36 AM       0      1.00      0.00      1.00      0.00      0.00     98.00
11:38:36 AM       1      0.00      0.00      0.00      0.00      0.00    100.00
11:38:36 AM       2      0.00      0.00      0.00      0.00      0.00    100.00
11:38:36 AM       3      2.00      0.00      0.00      0.00      0.00     98.00
11:38:36 AM       4      1.00      0.00      0.00      0.00      0.00     99.00
11:38:36 AM       5      0.00      0.00      0.00      0.00      0.00    100.00
11:38:36 AM       6      0.00      0.00      1.00      0.00      0.00     99.00
11:38:36 AM       7      0.00      0.00      0.00      0.00      0.00    100.00
11:38:36 AM       8      2.04      0.00      2.04      0.00      0.00     95.92
11:38:36 AM       9      1.98      0.00      0.99      0.00      0.00     97.03
11:38:36 AM      10      4.04      0.00      0.00      0.00      0.00     95.96
11:38:36 AM      11      0.00      0.00      0.00      0.00      0.00    100.00
11:38:36 AM      12      3.00      0.00      2.00      0.00      0.00     95.00
11:38:36 AM      13      2.02      0.00      0.00      0.00      0.00     97.98
11:38:36 AM      14      1.01      0.00      1.01      0.00      0.00     97.98
11:38:36 AM      15      2.97      0.00      0.00      0.00      0.00     97.03

11:38:36 AM     CPU     %user     %nice   %system   %iowait    %steal     %idle
11:38:37 AM     all      1.00      0.00      1.00      0.00      0.00     97.99
11:38:37 AM       0      0.99      0.00      1.98      0.00      0.00     97.03
11:38:37 AM       1      0.00      0.00      0.00      0.00      0.00    100.00
11:38:37 AM       2      1.98      0.00      0.99      0.00      0.00     97.03
11:38:37 AM       3      1.00      0.00      1.00      0.00      0.00     98.00
11:38:37 AM       4      1.01      0.00      0.00      0.00      0.00     98.99
11:38:37 AM       5      0.00      0.00      0.00      0.00      0.00    100.00
11:38:37 AM       6      0.00      0.00      1.00      0.00      0.00     99.00
11:38:37 AM       7      0.00      0.00      1.00      0.00      0.00     99.00
11:38:37 AM       8      1.02      0.00      1.02      0.00      0.00     97.96
11:38:37 AM       9      1.00      0.00      0.00      0.00      0.00     99.00
11:38:37 AM      10      2.02      0.00      2.02      0.00      0.00     95.96
11:38:37 AM      11      1.01      0.00      1.01      0.00      0.00     97.98
11:38:37 AM      12      1.01      0.00      2.02      0.00      0.00     96.97
11:38:37 AM      13      5.05      0.00      0.00      0.00      0.00     94.95
11:38:37 AM      14      0.00      0.00      2.04      0.00      0.00     97.96
11:38:37 AM      15      0.00      0.00      1.98      0.00      0.00     98.02

11:38:37 AM     CPU     %user     %nice   %system   %iowait    %steal     %idle
11:38:38 AM     all      0.56      0.06      0.75      0.00      0.00     98.62
11:38:38 AM       0      1.00      0.00      2.00      0.00      0.00     97.00
11:38:38 AM       1      0.00      0.00      0.00      0.00      0.00    100.00
11:38:38 AM       2      0.00      0.00      0.00      0.00      0.00    100.00
11:38:38 AM       3      0.00      0.00      2.00      0.00      0.00     98.00
11:38:38 AM       4      0.00      0.00      1.00      0.00      0.00     99.00
11:38:38 AM       5      0.00      0.00      0.00      0.00      0.00    100.00
11:38:38 AM       6      1.00      0.00      1.00      0.00      0.00     98.00
11:38:38 AM       7      0.99      0.00      0.00      0.00      0.00     99.01
11:38:38 AM       8      1.00      0.00      1.00      0.00      0.00     98.00
11:38:38 AM       9      0.99      0.00      0.00      0.00      0.00     99.01
11:38:38 AM      10      1.00      0.00      1.00      0.00      0.00     98.00
11:38:38 AM      11      1.01      0.00      1.01      0.00      0.00     97.98
11:38:38 AM      12      1.00      0.00      2.00      0.00      0.00     97.00
11:38:38 AM      13      0.00      0.00      0.00      0.00      0.00    100.00
11:38:38 AM      14      1.01      1.01      1.01      0.00      0.00     96.97
11:38:38 AM      15      0.00      0.00      0.00      0.00      0.00    100.00

11:38:38 AM     CPU     %user     %nice   %system   %iowait    %steal     %idle
11:38:39 AM     all      1.07      0.00      0.88      0.19      0.00     97.86
11:38:39 AM       0      4.04      0.00      2.02      0.00      0.00     93.94
11:38:39 AM       1      1.00      0.00      0.00      0.00      0.00     99.00
11:38:39 AM       2      0.98      0.00      1.96      0.00      0.00     97.06
11:38:39 AM       3      1.01      0.00      1.01      0.00      0.00     97.98
11:38:39 AM       4      0.00      0.00      0.00      0.00      0.00    100.00
11:38:39 AM       5      0.00      0.00      0.00      0.00      0.00    100.00
11:38:39 AM       6      1.98      0.00      0.99      0.00      0.00     97.03
11:38:39 AM       7      0.00      0.00      1.01      0.00      0.00     98.99
11:38:39 AM       8      2.02      0.00      1.01      1.01      0.00     95.96
11:38:39 AM       9      0.00      0.00      1.00      0.00      0.00     99.00
11:38:39 AM      10      2.06      0.00      0.00      0.00      0.00     97.94
11:38:39 AM      11      0.00      0.00      0.00      2.04      0.00     97.96
11:38:39 AM      12      0.00      0.00      2.04      0.00      0.00     97.96
11:38:39 AM      13      2.02      0.00      0.00      0.00      0.00     97.98
11:38:39 AM      14      2.02      0.00      2.02      0.00      0.00     95.96
11:38:39 AM      15      0.00      0.00      1.00      0.00      0.00     99.00

11:38:39 AM     CPU     %user     %nice   %system   %iowait    %steal     %idle
11:38:40 AM     all      1.07      0.00      0.56      0.00      0.00     98.37
11:38:40 AM       0      1.98      0.00      0.99      0.00      0.00     97.03
11:38:40 AM       1      0.00      0.00      0.00      0.00      0.00    100.00
11:38:40 AM       2      2.04      0.00      0.00      0.00      0.00     97.96
11:38:40 AM       3      2.00      0.00      1.00      0.00      0.00     97.00
11:38:40 AM       4      0.00      0.00      0.00      0.00      0.00    100.00
11:38:40 AM       5      2.97      0.00      0.00      0.00      0.00     97.03
11:38:40 AM       6      0.00      0.00      0.00      0.00      0.00    100.00
11:38:40 AM       7      0.00      0.00      1.01      0.00      0.00     98.99
11:38:40 AM       8      1.01      0.00      0.00      0.00      0.00     98.99
11:38:40 AM       9      0.99      0.00      0.00      0.00      0.00     99.01
11:38:40 AM      10      0.99      0.00      1.98      0.00      0.00     97.03
11:38:40 AM      11      1.98      0.00      0.00      0.00      0.00     98.02
11:38:40 AM      12      2.04      0.00      1.02      0.00      0.00     96.94
11:38:40 AM      13      0.00      0.00      1.02      0.00      0.00     98.98
11:38:40 AM      14      1.02      0.00      1.02      0.00      0.00     97.96
11:38:40 AM      15      0.00      0.00      0.99      0.00      0.00     99.01

11:38:40 AM     CPU     %user     %nice   %system   %iowait    %steal     %idle
11:38:41 AM     all      1.06      0.00      0.69      0.00      0.00     98.25
11:38:41 AM       0      0.98      0.00      1.96      0.00      0.00     97.06
11:38:41 AM       1      0.00      0.00      0.00      0.00      0.00    100.00
11:38:41 AM       2      0.00      0.00      0.00      0.00      0.00    100.00
11:38:41 AM       3      1.00      0.00      1.00      0.00      0.00     98.00
11:38:41 AM       4      1.00      0.00      1.00      0.00      0.00     98.00
11:38:41 AM       5      0.00      0.00      0.00      0.00      0.00    100.00
11:38:41 AM       6      1.98      0.00      0.99      0.00      0.00     97.03
11:38:41 AM       7      0.00      0.00      0.00      0.00      0.00    100.00
11:38:41 AM       8      1.01      0.00      1.01      0.00      0.00     97.98
11:38:41 AM       9      0.00      0.00      0.00      0.00      0.00    100.00
11:38:41 AM      10      1.01      0.00      2.02      0.00      0.00     96.97
11:38:41 AM      11      2.00      0.00      0.00      0.00      0.00     98.00
11:38:41 AM      12      2.00      0.00      1.00      0.00      0.00     97.00
11:38:41 AM      13      1.01      0.00      1.01      0.00      0.00     97.98
11:38:41 AM      14      4.04      0.00      1.01      0.00      0.00     94.95
11:38:41 AM      15      1.01      0.00      0.00      0.00      0.00     98.99

Average:        CPU     %user     %nice   %system   %iowait    %steal     %idle
Average:        all     17.11      0.43      3.51      0.08      0.00     78.88
Average:          0     52.57      0.00      5.55      0.04      0.00     41.84
Average:          1     55.80      0.00      0.70      0.00      0.00     43.50
Average:          2     29.97      0.00      8.88      0.00      0.00     61.16
Average:          3     31.24      0.00      4.42      0.14      0.00     64.20
Average:          4     23.31      0.02      5.32      0.12      0.00     71.24
Average:          5     18.77      0.00      3.30      0.16      0.00     77.77
Average:          6     12.28      0.00      3.43      0.04      0.00     84.25
Average:          7     10.58      0.00      0.88      0.04      0.00     88.51
Average:          8      8.15      2.09      6.52      0.12      0.00     83.13
Average:          9      5.75      0.30      1.42      0.00      0.00     92.53
Average:         10      5.40      0.80      2.91      0.10      0.00     90.78
Average:         11      4.07      0.93      2.30      0.16      0.00     92.55
Average:         12      3.72      0.56      2.43      0.08      0.00     93.21
Average:         13      2.11      1.75      1.91      0.04      0.00     94.20
Average:         14      3.33      0.54      2.32      0.16      0.00     93.65
Average:         15      3.75      0.00      3.33      0.04      0.00     92.88
